,_latitude,_longitude,97_number_of_customers_in_store,268_number_fridges,104_how_many_shelves_does_the_micro_retailer_have,2_current_permanent_employees,4_number_permanent_employees_last_year,103_number_own_fridges,145_number_direct_competitors,24_burnout,271_card_fee,276_expected_days_informal_credit,36_credit_default_rate,315_frequency_topups,316_frequency_utility_bills,317_home_deliveries,62_frequency_only_services,78_number_home_deliveries_week,185_place_orders_suppliers,254_technology_roadmap
0,19.05353627,-98.23382227,2.0,0.0,4.0,2.0,2.0,2.5,3.0,4.2,,14.2,1.6,9.0,28.5,13.6,10.5,2.0,,
1,19.05356104,-98.23414214,0.0,4.0,8.0,1.0,1.0,2.5,4.0,4.2,,14.2,1.6,9.0,28.5,13.6,10.5,2.0,,
2,19.05865466,-98.23229989,0.0,0.0,24.0,2.0,2.0,2.5,0.0,4.2,,10.0,1.6,9.0,28.5,13.6,10.5,2.0,,
3,19.0592929,-98.23315765,0.0,0.0,2.0,1.0,1.0,2.5,4.0,4.2,,14.2,1.6,9.0,28.5,13.6,10.5,2.0,,
4,19.0595846,-98.23386396,0.0,0.0,16.0,0.0,0.0,2.5,0.0,4.2,,15.0,1.6,9.0,28.5,13.6,10.5,2.0,,
5,19.05955989,-98.23401005,0.0,1.0,2.0,1.0,1.0,1.0,2.0,4.2,,14.2,1.6,9.0,28.5,13.6,10.5,2.0,,
6,19.0590374,-98.23302707,1.0,0.0,2.0,2.0,2.0,2.5,0.0,4.2,,30.0,1.6,9.0,28.5,13.6,10.5,2.0,,
7,19.06070699,-98.22981786,0.0,2.0,12.0,0.0,0.0,2.5,6.0,4.2,,7.0,1.6,9.0,28.5,13.6,10.5,2.0,,
8,19.05947371,-98.22527707,0.0,0.0,8.0,1.0,1.0,2.5,2.0,4.2,,15.0,1.6,9.0,28.5,13.6,10.5,2.0,,
9,19.05888321,-98.22421257,0.0,1.0,5.0,1.0,1.0,2.5,1.0,4.2,,30.0,1.6,9.0,28.5,13.6,10.5,2.0,,
10,19.0203363,-98.2609888,3.0,0.0,6.0,1.0,1.0,2.5,3.0,4.2,,1.0,1.0,9.0,28.5,13.6,10.5,2.0,,
11,19.0203285,-98.2611121,1.0,0.0,3.0,1.0,1.0,2.5,4.0,4.2,,14.2,2.0,9.0,28.5,13.6,10.5,2.0,,
12,19.0204215,-98.2609604,2.0,0.0,3.0,2.0,4.0,2.5,4.0,4.2,,14.2,1.6,9.0,28.5,13.6,10.5,2.0,,
13,19.020395,-98.2608668,3.0,0.0,1.0,1.0,1.9,2.5,6.0,4.2,,14.2,1.6,9.0,28.5,13.6,10.5,2.0,,
14,19.0205671,-98.2608038,0.0,0.0,2.0,5.0,1.9,2.5,2.0,4.2,,14.2,1.6,9.0,28.5,13.6,10.5,2.0,,
15,19.0207622,-98.2607229,1.0,0.0,3.0,1.0,2.0,2.5,2.0,4.2,,1.0,1.0,9.0,28.5,13.6,10.5,2.0,,
16,19.0208774,-98.2606615,0.0,0.0,4.0,1.0,1.0,2.5,6.0,4.0,,15.0,0.0,9.0,28.5,40.0,10.5,2.0,,
17,19.0210881,-98.260586,2.0,2.0,3.0,3.0,2.0,2.0,6.0,4.2,,1.0,2.0,9.0,28.5,2.0,2.0,2.0,,
18,19.0213946,-98.2603816,1.0,1.0,1.0,1.0,1.9,2.5,0.0,3.0,,14.2,1.6,9.0,28.5,13.6,10.5,2.0,,
19,19.021461,-98.2602834,0.0,0.0,6.0,4.0,1.9,2.5,1.0,4.0,,14.2,1.6,9.0,28.5,13.6,10.5,2.0,,
20,19.04494097,-98.19444228,2.0,6.0,6.7,0.0,0.0,2.5,2.0,4.2,,14.2,1.6,9.0,28.5,13.6,10.5,2.0,,
21,19.0655137,-98.3127512,0.0,2.0,5.0,2.1,1.9,2.5,3.8,4.2,,14.2,1.6,9.0,28.5,13.6,10.5,2.0,,
22,19.0656707,-98.3109706,0.0,5.0,6.0,2.1,1.9,2.5,3.8,4.2,,14.2,1.6,9.0,28.5,13.6,10.5,2.0,,
23,19.0638125,-98.3097669,3.0,1.6,6.0,2.1,1.9,2.5,3.8,4.2,,14.2,1.6,9.0,28.5,13.6,10.5,2.0,,
24,19.0614541,-98.3109695,0.0,5.0,3.0,2.1,1.9,2.5,3.8,4.2,,14.2,1.6,9.0,28.5,13.6,10.5,2.0,,
25,19.0612258,-98.3111919,2.0,3.0,5.0,0.0,0.0,2.5,3.0,4.2,,14.2,1.6,9.0,28.5,13.6,10.5,2.0,,
26,19.0608665,-98.3112764,0.0,2.0,4.0,2.1,1.9,2.5,3.8,4.2,,14.2,1.6,9.0,28.5,13.6,10.5,2.0,,
27,19.06183562,-98.30672922,2.0,5.0,6.0,2.1,1.9,2.5,3.8,4.2,,14.2,1.6,9.0,28.5,13.6,10.5,2.0,,
28,19.06051365,-98.30606095,0.0,2.0,2.0,2.1,1.9,2.5,3.8,4.2,,14.2,1.6,9.0,28.5,13.6,10.5,2.0,,
29,19.05974153,-98.30674146,0.0,3.0,4.0,2.1,1.9,2.5,3.8,4.2,,14.2,1.6,9.0,28.5,13.6,10.5,2.0,,
30,19.06173766,-98.30703165,0.0,2.0,2.0,2.1,1.9,2.5,3.8,4.2,,14.2,1.6,9.0,28.5,13.6,10.5,2.0,,
31,19.06375645,-98.30973064,1.0,3.0,5.0,2.1,1.9,2.5,3.8,4.2,,14.2,1.6,9.0,28.5,13.6,10.5,2.0,,
32,19.06421336,-98.309981,1.0,2.0,3.0,2.1,1.9,2.5,3.8,4.2,,14.2,1.6,9.0,28.5,13.6,10.5,2.0,,
33,19.0662115,-98.31427345,1.0,2.0,3.0,2.1,1.9,2.5,3.8,4.2,,14.2,1.6,9.0,28.5,13.6,10.5,2.0,,
34,19.0282081,-98.248033,5.0,2.0,0.0,0.0,1.0,0.0,2.0,3.0,,14.2,1.6,9.0,28.5,13.6,10.5,2.0,,
35,19.017792,-98.215433,3.0,0.0,1.0,1.0,1.0,2.5,3.0,5.0,,14.2,1.6,9.0,28.5,13.6,10.5,2.0,,
36,19.01629573,-98.21946591,0.0,3.0,2.0,3.0,3.0,3.0,2.0,3.0,,14.2,1.6,9.0,28.5,13.6,10.5,2.0,,
37,19.01660764,-98.21984377,1.0,0.0,1.0,1.0,1.0,2.5,2.0,5.0,,14.2,1.6,9.0,28.5,13.6,10.5,2.0,,
38,19.01533655,-98.21845975,0.0,0.0,0.0,2.0,2.0,2.5,0.0,4.2,,14.2,1.6,9.0,28.5,13.6,2.0,2.0,,
39,19.01646722,-98.21934555,1.0,0.0,0.0,2.0,2.0,2.5,0.0,4.2,,14.2,1.6,9.0,28.5,13.6,4.0,2.0,,
40,19.018979,-98.21528,2.0,2.0,0.0,2.0,3.0,2.5,6.0,1.0,,14.2,1.6,9.0,28.5,13.6,10.5,2.0,,
41,19.018353,-98.215619,2.0,4.0,8.0,0.0,0.0,0.0,3.0,7.0,,14.2,1.6,7.0,28.5,13.6,7.0,2.0,,
42,19.017786,-98.218263,1.0,0.0,6.0,1.0,3.0,2.5,3.0,6.0,,30.0,7.0,9.0,28.5,13.6,10.5,2.0,,
43,19.019788,-98.217094,1.0,0.0,0.0,4.0,4.0,2.5,4.0,4.2,,14.2,1.6,9.0,28.5,13.6,10.5,2.0,,
44,19.04638469,-98.20259662,3.0,7.0,6.7,0.0,0.0,7.0,3.0,4.2,,14.2,1.6,9.0,28.5,13.6,10.5,2.0,,
45,19.04602109,-98.20370237,3.0,8.0,6.7,2.0,0.0,2.5,3.8,4.2,,14.2,1.6,9.0,28.5,13.6,10.5,2.0,,
46,19.0254398,-98.249062,3.0,2.0,10.0,2.1,1.9,2.5,3.8,4.2,,14.2,1.6,9.0,28.5,13.6,10.5,2.0,,
47,19.0120131,-98.2296442,0.0,0.0,5.0,2.0,2.0,2.5,2.0,3.0,,14.2,1.6,9.0,28.5,2.0,2.0,2.0,,
48,19.0115906,-98.2297252,1.0,2.0,0.0,2.0,2.0,1.0,1.0,7.0,,3.0,0.0,9.0,28.5,28.0,28.0,2.0,,
49,19.011515,-98.2297851,0.0,0.0,1.0,2.1,1.9,2.5,3.8,4.2,,14.2,1.6,9.0,28.5,13.6,10.5,2.0,,
50,19.0114826,-98.2297173,0.0,0.0,2.0,2.0,0.0,2.5,0.0,4.2,,14.2,1.6,9.0,28.5,13.6,10.5,2.0,,
51,19.035325,-98.2679176,4.0,2.0,2.0,2.0,2.0,2.0,1.0,2.0,,3.0,0.0,9.0,28.5,2.0,0.0,2.0,,
52,19.04056194,-98.19535772,2.0,3.0,5.0,2.1,1.9,2.5,3.8,4.2,,14.2,1.6,9.0,28.5,13.6,10.5,2.0,,
53,19.0409324,-98.1956504,0.0,0.0,2.0,1.0,1.0,2.5,5.0,3.0,,14.2,1.6,9.0,28.5,1.0,1.0,2.0,,
54,19.0411925,-98.1957911,1.0,0.0,3.0,2.1,1.9,2.5,3.8,4.2,,14.2,1.6,9.0,28.5,13.6,10.5,2.0,,
55,19.04108129,-98.19681788,0.0,0.0,5.0,2.0,2.0,2.5,4.0,4.2,,14.2,1.6,9.0,28.5,13.6,10.5,2.0,,
56,19.04109186,-98.19596968,0.0,0.0,5.0,2.1,1.9,2.5,3.8,4.2,,14.2,1.6,9.0,28.5,13.6,10.5,2.0,,
57,19.04154474,-98.19539166,0.0,0.0,8.0,3.0,1.9,2.5,3.0,4.2,,14.2,1.6,9.0,28.5,13.6,10.5,2.0,,
58,19.0418857,-98.1936643,1.0,0.0,2.0,4.0,1.9,2.5,1.0,4.2,,14.2,1.6,9.0,28.5,13.6,10.5,2.0,,
59,19.0419216,-98.1937059,0.0,0.0,1.0,1.0,1.9,2.5,6.0,4.2,,14.2,1.6,9.0,28.5,13.6,10.5,2.0,,
60,19.04157029,-98.19487208,0.0,0.0,4.0,1.0,1.9,2.5,10.0,4.2,,14.2,1.6,9.0,28.5,7.0,10.5,2.0,,
61,19.04216736,-98.19417493,0.0,0.0,3.0,2.1,1.9,2.5,3.8,4.2,,14.2,1.6,9.0,28.5,13.6,10.5,2.0,,
62,19.04188811,-98.1936908,1.0,0.0,3.0,2.1,1.9,2.5,3.8,4.2,,14.2,1.6,9.0,28.5,13.6,10.5,2.0,,
63,19.04341646,-98.19466978,2.0,1.0,1.0,0.0,0.0,2.5,1.0,4.2,,14.2,1.6,2.0,28.5,13.6,2.0,2.0,,
64,19.04269579,-98.19378269,0.0,0.0,3.0,2.1,1.9,2.5,3.8,4.2,,14.2,1.6,9.0,28.5,13.6,10.5,2.0,,
65,19.0431018,-98.199479,0.0,0.0,4.0,0.0,0.0,2.5,7.0,4.2,,14.2,1.6,9.0,28.5,13.6,10.5,2.0,,
66,19.0434088,-98.1992462,4.0,1.0,6.0,0.0,0.0,0.0,0.0,4.2,,14.2,1.6,9.0,28.5,13.6,10.5,2.0,,
67,19.0433357,-98.1993241,1.0,0.0,2.0,4.0,4.0,2.5,5.0,1.0,,14.2,1.6,9.0,28.5,13.6,10.5,2.0,,
68,19.0437893,-98.1990342,3.0,0.0,10.0,2.1,1.9,2.5,8.0,4.2,,14.2,1.6,9.0,28.5,13.6,10.5,2.0,,
69,19.0352252,-98.266924,5.0,3.0,0.0,3.0,0.0,2.0,3.0,4.2,,30.0,2.0,9.0,28.5,13.6,10.5,2.0,,
70,19.0354424,-98.2678552,1.4,6.0,0.0,4.0,4.0,5.0,5.0,4.2,,14.2,1.6,9.0,28.5,13.6,50.0,2.0,,
71,19.02362571,-98.24990463,1.0,0.0,10.0,0.0,0.0,2.5,1.0,4.2,,14.2,1.6,9.0,28.5,13.6,10.5,2.0,,
72,19.02216037,-98.24950598,1.0,5.0,8.0,1.0,1.0,2.0,4.0,4.2,,14.2,1.6,9.0,28.5,13.6,10.5,2.0,,
73,19.018705,-98.215739,2.0,0.0,1.0,2.0,4.0,2.5,1.0,4.2,,14.2,1.6,5.0,28.5,2.0,5.0,3.0,,
74,19.017211,-98.217502,2.0,2.0,5.0,0.0,0.0,2.5,3.8,4.2,,14.2,1.6,9.0,28.5,13.6,10.5,2.0,,
75,19.021284,-98.216883,0.0,0.0,0.0,0.0,0.0,2.5,3.0,6.0,,14.2,1.6,9.0,28.5,0.0,0.0,2.0,,
76,19.019019,-98.218655,0.0,0.0,3.0,0.0,0.0,2.5,1.0,7.0,,30.0,2.0,0.0,28.5,0.0,0.0,2.0,,
77,19.01854,-98.217874,3.0,4.0,12.0,3.0,2.0,5.0,1.0,4.2,,14.2,1.6,1.0,28.5,1.0,1.0,2.0,,
78,19.020451,-98.215618,1.0,3.0,7.0,0.0,0.0,2.5,1.0,7.0,,3.0,5.0,9.0,28.5,13.6,10.5,2.0,,
79,19.016776,-98.217554,0.0,0.0,12.0,1.0,2.0,2.5,2.0,4.2,,14.2,1.6,9.0,28.5,0.0,0.0,2.0,,
80,19.018453,-98.215385,1.4,5.0,9.0,5.0,0.0,2.5,4.0,7.0,,14.2,1.6,9.0,28.5,13.6,10.5,2.0,,
81,19.0194537,-98.2614091,3.0,3.0,2.0,2.1,1.9,2.5,3.8,4.2,,14.2,1.6,9.0,28.5,13.6,10.5,2.0,,
82,19.0193679,-98.2614787,1.0,0.0,1.0,2.1,1.9,2.5,3.8,4.2,,14.2,1.6,9.0,28.5,13.6,10.5,2.0,,
83,19.07192918,-98.16703912,2.0,2.0,0.0,2.0,1.9,2.5,3.0,2.0,,14.2,1.6,9.0,28.5,13.6,10.5,2.0,,
84,19.07187848,-98.16697508,2.0,9.0,0.0,2.1,1.9,2.5,3.8,4.2,,14.2,1.6,9.0,28.5,13.6,10.5,2.0,,
85,19.07212754,-98.16669311,2.0,0.0,9.0,2.1,1.9,2.5,3.8,4.2,,14.2,1.6,9.0,28.5,13.6,10.5,2.0,,
86,19.07220074,-98.16642154,1.0,0.0,3.0,1.0,1.0,2.5,3.0,1.0,,3.0,1.0,9.0,28.5,13.6,10.5,2.0,,
87,19.0724183,-98.1662846,2.0,0.0,0.0,2.1,1.9,2.5,3.8,4.2,,14.2,1.6,9.0,28.5,13.6,10.5,2.0,,
88,19.07247262,-98.16625189,2.0,1.0,0.0,2.1,1.9,2.5,3.8,4.2,,14.2,1.6,9.0,28.5,13.6,10.5,2.0,,
89,19.07256292,-98.1661503,2.0,1.6,0.0,2.1,1.9,2.5,3.8,4.2,,14.2,1.6,9.0,28.5,13.6,10.5,2.0,,
90,19.02818,-98.248065,2.0,2.0,3.0,2.1,1.9,2.5,3.8,4.2,,14.2,1.6,9.0,28.5,13.6,10.5,2.0,,
91,19.07317829,-98.16558201,1.0,0.0,12.0,2.1,1.9,2.5,3.8,4.2,,14.2,1.6,9.0,28.5,13.6,10.5,2.0,,
92,19.0281426,-98.2479993,2.0,1.0,3.0,2.1,1.9,2.5,3.8,4.2,,14.2,1.6,9.0,28.5,13.6,10.5,2.0,,
93,19.07344985,-98.16527188,2.0,1.0,0.0,2.0,2.0,1.0,3.8,4.2,,14.2,1.6,9.0,28.5,13.6,10.5,2.0,,
94,19.0264402,-98.2503433,0.0,6.0,14.0,0.0,0.0,0.0,3.0,7.0,,14.2,1.6,9.0,28.5,13.6,10.5,2.0,,
95,19.07347329,-98.16533592,2.0,0.0,9.0,2.1,1.9,2.5,3.8,4.2,,14.2,1.6,9.0,28.5,13.6,10.5,2.0,,
96,19.07366753,-98.16534564,0.0,1.0,0.0,0.0,0.0,1.0,0.0,4.2,,14.2,1.6,9.0,28.5,13.6,10.5,2.0,,
97,19.07385607,-98.16521052,0.0,2.0,0.0,2.1,1.9,2.5,3.8,4.2,,14.2,1.6,9.0,28.5,13.6,10.5,2.0,,
98,19.07389663,-98.16523064,0.0,0.0,3.0,2.1,1.9,2.5,3.8,4.2,,14.2,1.6,9.0,28.5,13.6,10.5,2.0,,
99,19.0718272,-98.1667071,0.0,0.0,8.0,1.0,1.0,2.5,3.8,4.2,,14.2,1.6,9.0,28.5,13.6,10.5,2.0,,
100,19.0338184,-98.2507019,0.0,0.0,7.0,2.1,1.9,2.5,3.8,4.2,,14.2,1.6,9.0,28.5,13.6,10.5,2.0,,
101,19.03271271,-98.25084086,0.0,2.0,5.0,2.1,1.9,2.5,3.8,4.2,,14.2,1.6,9.0,28.5,13.6,10.5,2.0,,
102,19.0720309,-98.1672506,0.0,2.0,4.0,2.1,1.9,2.5,3.8,4.2,,14.2,1.6,9.0,28.5,13.6,10.5,2.0,,
103,19.0720059,-98.1671792,1.0,0.0,3.0,1.0,0.0,2.5,3.8,7.0,,14.2,1.6,9.0,28.5,13.6,10.5,2.0,,
104,19.0716081,-98.1664491,0.0,0.0,7.0,2.1,1.9,2.5,3.8,4.2,,14.2,1.6,9.0,28.5,13.6,10.5,2.0,,
105,19.0719822,-98.1665939,2.0,5.0,14.0,0.0,0.0,2.5,10.0,4.2,,14.2,1.6,60.0,50.0,13.6,10.5,2.0,,
106,19.03330717,-98.25078213,1.0,2.0,6.0,1.0,0.0,0.0,3.8,5.0,,14.2,1.6,9.0,28.5,13.6,10.5,2.0,,
107,19.01469358,-98.22107358,1.0,0.0,5.0,1.0,1.0,2.5,7.0,4.2,,14.2,1.6,9.0,28.5,13.6,10.5,2.0,,
108,19.01457873,-98.22081112,6.0,3.0,20.0,2.0,2.0,3.0,2.0,4.2,,2.0,0.0,0.0,28.5,13.6,0.0,2.0,,
109,19.07465061,-98.16692756,1.0,2.0,10.0,2.1,1.9,2.5,3.8,4.2,,14.2,1.6,9.0,28.5,13.6,10.5,2.0,,
110,19.02073466,-98.26071488,0.0,0.0,3.0,2.1,1.9,2.5,3.8,4.2,,14.2,1.6,9.0,28.5,13.6,10.5,2.0,,
111,19.02019868,-98.26106555,0.0,0.0,8.0,2.1,1.9,2.5,3.8,4.2,,14.2,1.6,9.0,28.5,13.6,10.5,2.0,,
112,19.07211551,-98.16717734,1.0,0.0,3.0,2.0,1.9,2.5,2.0,4.2,,14.2,1.6,9.0,28.5,13.6,10.5,2.0,,
113,19.07195326,-98.1668916,0.0,1.0,1.0,0.0,0.0,0.0,8.0,2.0,,14.2,1.6,9.0,28.5,13.6,10.5,2.0,,
114,19.07158829,-98.16648774,1.0,0.0,1.0,2.1,1.9,2.5,3.8,4.2,,14.2,1.6,9.0,28.5,13.6,10.5,2.0,,
115,19.07163456,-98.16668517,2.0,3.0,0.0,2.1,1.9,2.5,3.8,4.2,,14.2,1.6,9.0,28.5,13.6,10.5,2.0,,
116,19.07153971,-98.16659396,2.0,0.0,3.0,2.1,1.9,2.5,3.8,4.2,,14.2,1.6,9.0,28.5,13.6,10.5,2.0,,
117,19.0740419,-98.1652797,0.0,0.0,2.0,0.0,0.0,2.5,3.8,4.2,,14.2,1.6,9.0,28.5,13.6,10.5,2.0,,
118,19.07349452,-98.16550422,2.0,1.6,24.0,4.0,4.0,2.5,1.0,4.2,,14.2,1.6,7.0,28.5,13.6,10.5,2.0,,
119,19.07355156,-98.16545527,2.0,6.0,30.0,3.0,3.0,7.0,1.0,7.0,,14.2,1.6,7.0,7.0,7.0,7.0,2.0,,
120,19.07287143,-98.16590447,1.0,1.0,1.0,2.1,1.9,2.5,3.8,4.2,,14.2,1.6,9.0,28.5,13.6,10.5,2.0,,
121,19.07209839,-98.16651676,1.0,1.0,1.0,2.1,1.9,2.5,3.8,4.2,,14.2,1.6,9.0,28.5,13.6,10.5,2.0,,
122,19.07221817,-98.16640344,1.0,0.0,7.0,1.0,1.0,2.5,2.0,4.0,,14.2,1.6,9.0,28.5,13.6,10.5,2.0,,
123,19.0189338,-98.2622569,0.0,1.0,2.0,3.0,0.0,2.5,5.0,2.0,,14.2,1.6,9.0,28.5,13.6,10.5,2.0,,
124,19.07267852,-98.16615501,2.0,1.0,7.0,1.0,0.0,0.0,8.0,3.0,,14.2,1.6,9.0,28.5,21.0,0.0,2.0,,
125,19.0725157,-98.1633137,0.0,0.0,0.0,0.0,1.9,2.5,3.8,4.2,,14.2,1.6,9.0,28.5,13.6,10.5,2.0,,
126,19.0752733,-98.1668952,0.0,1.0,1.0,0.0,0.0,2.5,3.0,7.0,,14.2,1.6,9.0,28.5,13.6,10.5,2.0,,
127,19.0697916,-98.166774,3.0,2.0,1.0,0.0,0.0,2.5,3.8,4.2,,14.2,1.6,9.0,28.5,13.6,10.5,2.0,,
128,19.0708331,-98.1661693,0.0,0.0,0.0,1.0,1.0,2.5,3.8,4.2,,15.0,1.6,9.0,28.5,13.6,10.5,2.0,,
129,19.07216113,-98.16648893,1.0,3.0,1.0,2.1,1.9,2.5,3.8,4.2,,14.2,1.6,9.0,28.5,13.6,10.5,2.0,,
130,19.07283861,-98.16378593,0.0,1.6,6.0,2.1,1.9,2.5,3.8,4.2,,14.2,1.6,9.0,28.5,13.6,10.5,2.0,,
131,19.0737175,-98.16485377,0.0,0.0,3.0,1.0,2.0,2.5,3.0,2.0,,14.2,1.6,9.0,28.5,13.6,10.5,2.0,,
132,19.0431192,-98.1941676,1.0,1.0,2.0,1.0,1.0,1.0,4.0,7.0,,14.2,1.6,9.0,28.5,13.6,10.5,2.0,,
133,19.0424679,-98.1939337,3.0,0.0,12.0,3.0,3.0,2.5,1.0,4.2,,14.2,1.6,9.0,28.5,10.0,3.0,2.0,,
134,19.07523772,-98.16699143,2.0,3.0,7.0,2.1,1.9,2.5,3.8,4.2,,14.2,1.6,9.0,28.5,13.6,10.5,2.0,,
135,19.07076766,-98.16770797,0.0,2.0,0.0,2.0,1.9,2.5,3.8,4.2,,14.2,1.6,9.0,28.5,13.6,10.5,2.0,,
136,19.07009156,-98.16688281,0.0,1.0,3.0,2.1,1.9,2.5,3.8,4.2,,14.2,1.6,9.0,28.5,13.6,10.5,2.0,,
137,19.07063642,-98.16638592,0.0,1.0,5.0,1.0,1.9,0.0,7.0,3.0,,50.0,1.6,9.0,28.5,13.6,10.5,2.0,,
138,19.07091739,-98.16611389,1.0,3.0,4.0,2.1,1.9,2.5,3.8,4.2,,14.2,1.6,9.0,28.5,13.6,10.5,2.0,,
139,19.0258281,-98.2492535,3.0,1.0,3.0,2.1,1.9,2.5,3.8,4.2,,14.2,1.6,9.0,28.5,13.6,10.5,2.0,,
140,19.02534,-98.24906,2.0,1.6,18.0,2.1,1.9,2.5,3.8,4.2,,14.2,1.6,9.0,28.5,13.6,10.5,2.0,,
141,19.01961098,-98.26135236,1.0,4.0,8.0,2.1,1.9,2.5,3.8,4.2,,14.2,1.6,9.0,28.5,13.6,10.5,2.0,,
142,19.0577456,-98.2224672,3.0,0.0,24.0,4.0,4.0,2.5,10.0,4.2,,14.2,1.6,9.0,28.5,13.6,10.5,2.0,,
143,19.0576937,-98.22248845,3.0,0.0,3.0,5.0,5.0,2.5,5.0,4.2,,15.0,1.6,9.0,28.5,13.6,10.5,2.0,,
144,19.05987865,-98.22785376,4.0,1.0,15.0,4.0,6.0,2.5,1.0,4.2,,14.2,1.6,9.0,28.5,13.6,10.5,2.0,,
145,19.06004824,-98.22765384,1.4,2.0,0.0,4.0,4.0,2.0,3.8,4.2,,14.2,1.6,9.0,28.5,13.6,10.5,2.0,,
146,19.0613368,-98.22854272,0.0,0.0,14.0,1.0,1.0,2.5,7.0,4.2,,15.0,1.6,9.0,28.5,13.6,10.5,2.0,,
147,19.06056008,-98.22759811,2.0,0.0,6.0,2.0,2.0,2.5,2.0,4.2,,15.0,1.6,9.0,28.5,13.6,10.5,2.0,,
148,19.05998707,-98.22783794,0.0,0.0,12.0,1.0,1.0,2.5,0.0,4.2,,14.2,1.6,9.0,28.5,13.6,10.5,2.0,,
149,19.05919673,-98.22467953,5.0,0.0,1.0,2.0,2.0,2.5,4.0,4.2,,14.2,1.6,9.0,28.5,13.6,10.5,2.0,,
150,19.05614351,-98.22129869,0.0,0.0,8.0,0.0,0.0,2.5,2.0,4.2,,14.2,1.6,9.0,28.5,13.6,10.5,2.0,,
151,18.9993095,-98.2749524,4.0,1.0,3.0,6.0,6.0,2.5,3.0,3.0,,14.2,1.6,9.0,28.5,13.6,10.5,2.0,,
152,18.9993582,-98.2750659,4.0,0.0,4.0,2.0,3.0,2.5,2.0,2.0,,14.2,1.6,9.0,28.5,8.0,0.0,2.0,,
153,19.019056,-98.2617893,5.0,1.0,1.0,3.0,1.9,1.0,0.0,4.2,,14.2,1.6,9.0,28.5,13.6,10.5,2.0,,
154,19.0189901,-98.2618157,4.0,0.0,0.0,0.0,0.0,2.5,5.0,4.2,,14.2,1.6,9.0,28.5,13.6,10.5,2.0,,
155,19.0189553,-98.2619128,1.0,1.0,2.0,2.0,1.9,2.5,0.0,1.0,,14.2,1.6,9.0,28.5,13.6,10.5,2.0,,
156,19.0189428,-98.261972,1.0,0.0,0.0,2.0,2.0,2.5,4.0,4.2,,14.2,1.6,9.0,28.5,13.6,10.5,2.0,,
157,19.0189376,-98.2622459,0.0,0.0,0.0,2.0,2.0,2.5,4.0,4.2,,14.2,1.6,9.0,28.5,13.6,10.5,2.0,,
158,19.0192176,-98.2625277,0.0,2.0,1.0,3.0,2.0,2.5,5.0,3.0,,2.0,0.0,9.0,28.5,13.6,10.5,2.0,,
159,19.05770067,-98.22252555,2.0,0.0,1.0,2.0,2.0,2.5,1.0,4.2,,14.2,1.6,9.0,28.5,13.6,10.5,2.0,,
160,19.04432267,-98.20030633,2.0,1.6,13.0,1.0,2.0,2.5,4.0,4.2,,14.2,1.6,9.0,28.5,13.6,35.0,2.0,,
161,19.02016849,-98.21703853,0.0,3.0,1.0,0.0,0.0,2.0,7.0,7.0,,14.2,1.6,9.0,28.5,13.6,10.5,2.0,,
162,19.0347777,-98.2655858,0.0,0.0,0.0,3.0,2.0,2.5,4.0,4.2,,14.2,1.6,1.0,28.5,13.6,1.0,2.0,,
163,19.04220648,-98.19431738,1.4,3.0,2.0,2.1,1.9,2.5,3.8,4.2,,14.2,1.6,9.0,28.5,13.6,10.5,2.0,,
164,19.0434026,-98.1947222,0.0,0.0,5.0,2.1,1.9,2.5,3.8,4.2,,14.2,1.6,9.0,28.5,13.6,10.5,2.0,,
165,19.0431876,-98.194174,0.0,1.0,7.0,4.0,1.9,2.5,5.0,4.2,,14.2,1.6,9.0,28.5,13.6,1.0,1.0,,
166,19.04311456,-98.19406587,1.0,0.0,5.0,2.1,1.9,2.5,3.8,4.2,,14.2,1.6,9.0,28.5,13.6,10.5,2.0,,
167,19.04279382,-98.19380239,1.0,5.0,5.0,2.1,1.9,2.5,3.8,4.2,,14.2,1.6,9.0,28.5,13.6,10.5,2.0,,
168,19.04280942,-98.19343871,3.0,1.0,1.0,2.1,1.9,2.5,3.8,4.2,,14.2,1.6,9.0,28.5,13.6,10.5,2.0,,
169,19.042558,-98.193818,0.0,1.0,1.0,2.1,1.9,2.5,3.8,4.2,,14.2,1.6,9.0,28.5,13.6,10.5,2.0,,
170,19.04282299,-98.19373492,1.0,3.0,1.0,2.1,1.9,2.5,3.8,4.2,,14.2,1.6,9.0,28.5,13.6,10.5,2.0,,
