,_latitude,_longitude,238_frequency_buying_store,81_number_online_purchases_month,288_number_app_purchases_month,289_number_whatsapp_purchases_month,83_willingness_ultrafast_delivery,84_willingness_sameday_delivery,241_age_of_the_interviewee
0,19.05984132,-98.23498029,1.0,1.0,0.0,0.0,0.0,0.0,35.0
1,19.05847939,-98.23356607,1.0,1.0,2.0,0.0,35.0,50.0,27.0
2,19.0620768,-98.2303385,1.0,0.0,0.0,0.0,40.0,25.0,42.0
3,19.0555346,-98.23291634,1.0,2.0,3.0,0.0,0.0,0.0,27.0
4,19.05901175,-98.23299442,1.0,2.0,5.0,0.0,0.0,50.0,35.0
5,19.04864439,-98.19725119,1.0,0.0,0.0,0.0,120.0,70.0,66.0
6,19.04769934,-98.19539409,1.0,1.0,7.0,2.0,200.0,100.0,30.0
7,19.0644612,-98.3104972,1.0,1.0,0.0,0.0,80.0,80.0,38.0
8,19.060884,-98.3113835,3.0,0.0,0.0,0.0,100.0,100.0,18.0
9,19.01839066,-98.21545509,2.0,1.0,4.0,0.0,8.0,8.0,20.0
10,19.01837795,-98.21554117,5.0,2.0,5.0,0.0,8.0,8.0,21.0
11,19.048506,-98.2007074,1.0,0.0,0.0,6.0,200.0,100.0,32.0
12,19.0345269,-98.2632802,2.0,1.0,0.0,0.0,20.0,0.0,40.0
13,19.03444907,-98.26327577,2.0,2.0,0.0,0.0,15.0,15.0,30.0
14,19.03568863,-98.26254554,1.0,2.0,1.0,0.0,25.0,10.0,35.0
15,19.03564679,-98.26251738,3.0,1.0,0.0,0.0,25.0,30.0,14.0
16,19.0357912,-98.2624756,1.0,2.0,0.0,0.0,50.0,20.0,25.0
17,19.0361783,-98.26232661,2.0,0.0,0.0,0.0,15.0,15.0,54.0
18,19.01979419,-98.21708143,5.0,2.0,0.0,0.0,10.0,10.0,46.0
19,19.03642298,-98.26263271,3.0,0.0,1.0,0.0,20.0,20.0,22.0
20,19.03635516,-98.26264445,2.0,3.0,1.0,0.0,30.0,15.0,40.0
21,19.0367483,-98.263451,1.0,2.0,1.0,0.0,40.0,20.0,19.0
22,19.0366637,-98.2635697,3.0,0.0,0.0,0.0,15.0,30.0,27.0
23,19.03456412,-98.26415721,2.0,2.0,5.0,0.0,150.0,150.0,18.0
24,19.03513905,-98.26666106,1.0,1.0,0.0,0.0,100.0,150.0,18.0
25,19.03528199,-98.26714117,1.0,1.0,0.0,0.0,100.0,100.0,15.0
26,19.03153436,-98.2488075,1.0,0.0,0.0,0.0,50.0,30.0,30.1
27,19.02581563,-98.24925535,5.0,8.0,2.0,0.0,39.0,0.0,35.0
28,19.03191698,-98.24880525,1.0,2.0,2.0,0.0,25.0,25.0,18.0
29,19.03137278,-98.24890684,1.0,1.0,1.0,2.0,15.0,60.0,20.0
30,19.02676014,-98.24941915,1.0,5.0,6.0,3.0,150.0,200.0,38.0
31,19.02655665,-98.25021241,2.0,0.0,0.0,0.0,50.0,50.0,65.0
32,19.02567043,-98.24925117,4.0,1.0,0.0,0.0,50.0,100.0,42.0
33,19.02540355,-98.24915428,4.0,6.0,4.0,0.0,50.0,50.0,50.0
34,19.01854,-98.217873,4.0,2.0,2.0,0.0,30.0,30.0,20.0
35,19.07223655,-98.16642389,2.0,0.0,0.0,0.0,0.0,0.0,67.0
36,19.07237407,-98.16565745,5.0,3.0,1.0,0.0,0.0,0.0,33.0
37,19.06973831,-98.16666093,2.0,2.0,1.0,0.0,0.0,0.0,21.0
38,19.0696236,-98.16651944,1.0,4.0,9.0,0.0,0.0,0.0,18.0
39,19.07089332,-98.16762518,1.0,2.0,0.0,0.0,0.0,0.0,18.0
40,19.07123428,-98.16711389,2.0,2.0,5.0,6.0,200.0,200.0,20.0
41,19.07123111,-98.16710249,1.0,0.0,0.0,0.0,50.0,50.0,19.0
42,19.07116235,-98.16717893,2.0,0.0,0.0,0.0,0.0,0.0,22.0
43,19.07116266,-98.16717122,1.0,4.0,2.0,0.0,10.0,10.0,22.0
44,19.07115569,-98.16717759,3.0,2.0,3.0,0.0,0.0,0.0,19.0
45,19.07089491,-98.16763155,2.0,3.0,10.0,0.0,50.0,50.0,22.0
46,19.07089807,-98.16762619,2.0,6.0,5.0,0.0,40.0,40.0,20.0
47,19.07089364,-98.16763289,2.0,1.0,8.0,0.0,50.0,100.0,18.0
48,19.07067389,-98.16760297,1.0,5.0,10.0,0.0,55.0,55.0,21.0
49,19.07115316,-98.16717021,1.0,0.0,1.0,1.0,5.0,5.0,22.0
50,19.07125107,-98.16709679,1.0,0.0,3.0,0.0,100.0,100.0,21.0
51,19.07123111,-98.16711053,3.0,1.0,0.0,0.0,0.0,0.0,18.0
52,19.07122382,-98.1671112,3.0,7.0,5.0,0.0,48.3,300.0,22.0
53,19.07122699,-98.16711456,2.0,2.0,1.0,0.0,50.0,50.0,24.0
54,19.07137592,-98.16720173,1.0,3.0,0.0,0.0,0.0,0.0,22.0
55,19.07166016,-98.16699151,1.0,0.0,0.0,0.0,30.0,30.0,20.0
56,19.0716028,-98.16703342,1.0,0.0,0.0,0.0,0.0,0.0,21.0
57,19.0716009,-98.16703677,1.0,0.0,0.0,0.0,0.0,0.0,45.0
58,19.07228471,-98.1655981,6.0,0.0,0.0,0.0,80.0,0.0,64.0
59,19.06961029,-98.16648223,4.0,2.0,20.0,2.0,50.0,71.1,50.0
60,19.07094434,-98.16734992,1.0,2.0,3.0,0.0,40.0,100.0,19.0
61,19.07084611,-98.16743139,1.0,2.6,3.6,0.0,30.0,200.0,18.0
62,19.07070383,-98.16756852,5.0,0.0,0.0,0.0,0.0,100.0,26.0
63,19.07083277,-98.16761652,3.0,3.0,1.0,2.0,30.0,30.0,18.0
64,19.07065915,-98.16759534,3.0,2.0,0.0,2.0,30.0,30.0,19.0
65,19.07115062,-98.16716854,1.0,10.0,6.0,5.0,100.0,100.0,18.0
66,19.07125424,-98.1670884,2.0,2.0,1.0,5.0,150.0,150.0,26.0
67,19.071246,-98.16709612,3.0,5.0,3.0,0.0,80.0,100.0,18.0
68,19.07124664,-98.16709846,4.0,2.0,2.0,0.0,48.3,150.0,23.0
69,19.07124727,-98.16709712,5.0,1.0,0.0,0.0,100.0,20.0,22.0
70,19.07139493,-98.1671796,2.0,2.0,5.0,2.0,80.0,150.0,21.0
71,19.07166206,-98.16699184,1.0,0.0,0.0,1.0,0.0,0.0,29.0
72,19.07160692,-98.16703342,1.0,2.0,0.0,5.0,30.0,30.0,21.0
73,19.07166047,-98.16699184,2.0,1.0,0.0,0.0,50.0,50.0,50.0
74,19.05782336,-98.22240648,1.0,2.0,4.0,1.0,50.0,100.0,38.0
75,19.01925163,-98.26152844,1.0,0.0,0.0,0.0,20.0,50.0,50.0
76,19.05793467,-98.22234544,1.0,2.0,3.0,0.0,0.0,50.0,28.0
77,19.0187882,-98.26170886,1.0,5.0,10.0,0.0,30.0,80.0,20.0
78,19.01921332,-98.26252221,3.0,1.0,5.0,0.0,50.0,120.0,25.0
79,19.01964351,-98.26255883,2.0,1.0,3.0,0.0,40.0,100.0,26.0
80,19.02008497,-98.2624608,3.0,2.0,6.0,0.0,30.0,80.0,22.0
81,19.02242387,-98.26114934,4.0,0.0,0.0,5.0,30.0,50.0,36.0
82,19.02233023,-98.26085731,1.0,2.0,4.0,0.0,40.0,90.0,33.0
83,19.02210651,-98.25996811,1.0,1.0,2.0,5.0,30.0,50.0,42.0
84,19.02086453,-98.26066858,1.0,3.0,4.0,0.0,80.0,120.0,19.0
85,19.02021417,-98.26103085,2.0,0.0,0.0,5.0,30.0,50.0,38.0
86,19.01947861,-98.26139383,5.0,1.0,0.0,4.0,25.0,50.0,57.0
87,19.02074682,-98.26069171,1.0,2.0,5.0,4.0,50.0,80.0,30.0
88,19.02251024,-98.26155316,3.0,1.0,6.0,4.0,30.0,50.0,25.0
89,19.02229648,-98.2611457,1.0,6.0,0.0,8.0,30.0,50.0,68.0
90,19.02213104,-98.26054845,4.0,1.0,3.0,8.0,30.0,50.0,44.0
91,19.02177369,-98.26032358,3.0,5.0,2.0,6.0,40.0,80.0,54.0
92,19.02105559,-98.26054545,1.0,5.0,12.0,0.0,80.0,150.0,19.0
93,19.02081878,-98.26066513,2.0,4.0,4.0,2.0,30.0,75.0,28.0
94,19.01896371,-98.26183811,1.0,2.0,0.0,3.0,25.0,60.0,52.0
95,19.01941558,-98.26141859,1.0,5.0,15.0,0.0,50.0,100.0,17.0
96,19.02039375,-98.2609013,3.0,4.0,12.0,1.0,65.0,120.0,38.0
97,19.02008216,-98.26108055,1.0,6.0,10.0,6.0,50.0,100.0,22.0
98,19.05777416,-98.22245613,1.0,0.0,0.0,5.0,100.0,80.0,35.0
99,19.05987756,-98.22798997,1.0,2.0,7.0,0.0,0.0,0.0,30.0
100,19.06009126,-98.22776192,1.0,2.0,7.0,0.0,40.0,70.0,24.0
101,19.05790264,-98.22235183,1.0,0.0,0.0,0.0,0.0,0.0,45.0
102,19.05994893,-98.22779922,1.0,6.0,5.0,0.0,0.0,0.0,18.0
103,19.05999462,-98.22780697,1.0,8.0,4.0,0.0,0.0,0.0,22.0
104,19.06001256,-98.22795014,1.0,0.0,0.0,2.0,50.0,100.0,45.0
105,19.05796168,-98.2224508,1.0,2.0,1.0,0.0,0.0,0.0,60.0
106,19.0423915,-98.22085664,2.0,5.0,20.0,1.1,30.0,30.0,23.0
107,19.04321392,-98.21984746,1.0,10.0,7.0,2.0,45.0,45.0,45.0
108,19.03460215,-98.26414078,2.0,8.0,12.0,0.0,70.0,150.0,18.0
109,19.03506013,-98.26664932,1.0,10.0,0.0,0.0,50.0,100.0,20.0
110,19.03522368,-98.26710027,1.0,2.6,10.0,0.0,100.0,100.0,15.0
111,19.03528041,-98.26785564,1.0,1.0,1.0,0.0,50.0,70.0,21.0
112,19.0354511,-98.2678617,1.0,3.0,2.0,0.0,0.0,0.0,18.0
113,19.0354858,-98.2678314,1.0,2.0,4.0,0.0,30.0,100.0,18.0
114,19.03539895,-98.26792438,1.0,0.0,3.0,0.0,150.0,71.1,18.0
