,_geometry,company_if_visible,type_of_vehicle,number_of_operators,type_of_cargo,picture_of_the_parked_freight_vehicle,departure_of_the_freight_vehicle,used_traffic_cone,vehicles_unloading_door,accident
0,,,,1.0,,,,,,
1,,,,2.0,,,,,,
2,,,,1.0,,,,,,
3,,,,1.0,,,,,,
4,,,,2.0,,,,,,
5,,,,2.0,,,,,,
6,,,,1.0,,,,,,
7,,,,3.0,,,,,,
8,,,,2.0,,,,,,
9,,,,3.0,,,,,,
10,,,,1.0,,,,,,
11,,,,2.0,,,,,,
12,,,,1.0,,,,,,
13,,,,1.0,,,,,,
14,,,,4.0,,,,,,
15,,,,1.0,,,,,,
16,,,,1.0,,,,,,
17,,,,2.0,,,,,,
18,,,,2.0,,,,,,
19,,,,2.0,,,,,,
20,,,,4.0,,,,,,
21,,,,1.0,,,,,,
22,,,,1.0,,,,,,
23,,,,1.0,,,,,,
24,,,,1.0,,,,,,
25,,,,3.0,,,,,,
26,,,,1.0,,,,,,
27,,,,3.0,,,,,,
28,,,,1.0,,,,,,
29,,,,2.0,,,,,,
30,,,,2.0,,,,,,
31,,,,2.0,,,,,,
32,,,,1.0,,,,,,
33,,,,2.0,,,,,,
34,,,,2.0,,,,,,
35,,,,3.0,,,,,,
36,,,,2.0,,,,,,
37,,,,1.0,,,,,,
38,,,,1.0,,,,,,
39,,,,2.0,,,,,,
40,,,,1.0,,,,,,
41,,,,1.0,,,,,,
42,,,,4.0,,,,,,
43,,,,3.0,,,,,,
44,,,,2.0,,,,,,
45,,,,1.0,,,,,,
46,,,,2.0,,,,,,
47,,,,2.0,,,,,,
48,,,,2.0,,,,,,
49,,,,1.0,,,,,,
50,,,,2.0,,,,,,
51,,,,2.0,,,,,,
52,,,,3.0,,,,,,
53,,,,1.0,,,,,,
54,,,,2.0,,,,,,
55,,,,1.0,,,,,,
56,,,,1.0,,,,,,
57,,,,1.0,,,,,,
58,,,,1.0,,,,,,
59,,,,2.0,,,,,,
60,,,,2.0,,,,,,
61,,,,1.0,,,,,,
62,,,,2.0,,,,,,
63,,,,1.0,,,,,,
64,,,,1.0,,,,,,
65,,,,1.0,,,,,,
66,,,,1.0,,,,,,
67,,,,1.0,,,,,,
68,,,,2.0,,,,,,
69,,,,1.0,,,,,,
70,,,,1.0,,,,,,
71,,,,2.0,,,,,,
72,,,,1.0,,,,,,
73,,,,2.0,,,,,,
74,,,,2.0,,,,,,
75,,,,2.0,,,,,,
76,,,,2.0,,,,,,
77,,,,1.0,,,,,,
78,,,,2.0,,,,,,
79,,,,1.0,,,,,,
80,,,,1.0,,,,,,
81,,,,2.0,,,,,,
82,,,,1.0,,,,,,
83,,,,1.0,,,,,,
84,,,,1.0,,,,,,
85,,,,2.0,,,,,,
86,,,,1.0,,,,,,
87,,,,2.0,,,,,,
88,,,,2.0,,,,,,
89,,,,4.0,,,,,,
90,,,,2.0,,,,,,
91,,,,1.0,,,,,,
92,,,,2.0,,,,,,
93,,,,3.0,,,,,,
94,,,,1.0,,,,,,
95,,,,1.0,,,,,,
96,,,,1.0,,,,,,
97,,,,4.0,,,,,,
98,,,,2.0,,,,,,
99,,,,3.0,,,,,,
100,,,,1.0,,,,,,
101,,,,2.0,,,,,,
102,,,,1.0,,,,,,
103,,,,1.0,,,,,,
104,,,,2.0,,,,,,
105,,,,1.0,,,,,,
106,,,,2.0,,,,,,
107,,,,4.0,,,,,,
108,,,,1.0,,,,,,
109,,,,2.0,,,,,,
110,,,,4.0,,,,,,
111,,,,2.0,,,,,,
112,,,,1.0,,,,,,
113,,,,1.0,,,,,,
114,,,,1.0,,,,,,
115,,,,4.0,,,,,,
116,,,,2.0,,,,,,
117,,,,1.0,,,,,,
118,,,,2.0,,,,,,
119,,,,2.0,,,,,,
120,,,,2.0,,,,,,
121,,,,1.0,,,,,,
122,,,,1.0,,,,,,
123,,,,1.0,,,,,,
124,,,,2.0,,,,,,
125,,,,2.0,,,,,,
126,,,,2.0,,,,,,
127,,,,1.7,,,,,,
128,,,,3.0,,,,,,
129,,,,2.0,,,,,,
130,,,,1.0,,,,,,
131,,,,2.0,,,,,,
132,,,,2.0,,,,,,
133,,,,2.0,,,,,,
134,,,,2.0,,,,,,
135,,,,2.0,,,,,,
136,,,,1.0,,,,,,
137,,,,1.0,,,,,,
138,,,,1.0,,,,,,
139,,,,1.0,,,,,,
140,,,,2.0,,,,,,
141,,,,1.0,,,,,,
142,,,,1.0,,,,,,
143,,,,2.0,,,,,,
144,,,,1.0,,,,,,
145,,,,2.0,,,,,,
146,,,,1.0,,,,,,
147,,,,1.0,,,,,,
148,,,,1.0,,,,,,
149,,,,1.0,,,,,,
150,,,,1.0,,,,,,
151,,,,2.0,,,,,,
152,,,,1.0,,,,,,
153,,,,1.0,,,,,,
154,,,,2.0,,,,,,
155,,,,1.0,,,,,,
156,,,,2.0,,,,,,
157,,,,1.7,,,,,,
158,,,,1.0,,,,,,
159,,,,1.0,,,,,,
160,,,,1.0,,,,,,
161,,,,1.0,,,,,,
162,,,,2.0,,,,,,
163,,,,1.0,,,,,,
164,,,,1.0,,,,,,
165,,,,2.0,,,,,,
166,,,,1.0,,,,,,
167,,,,2.0,,,,,,
168,,,,1.0,,,,,,
169,,,,1.0,,,,,,
170,,,,1.0,,,,,,
171,,,,1.0,,,,,,
172,,,,2.0,,,,,,
173,,,,1.0,,,,,,
174,,,,2.0,,,,,,
175,,,,1.0,,,,,,
176,,,,2.0,,,,,,
177,,,,1.0,,,,,,
178,,,,1.0,,,,,,
179,,,,1.0,,,,,,
180,,,,2.0,,,,,,
181,,,,2.0,,,,,,
